-9.158571450215646337e+00
-1.000791481548701078e+01
-1.415930514880434288e+01
-1.262784134912862788e+00
-5.022205245154316877e+00
-5.022189920528971285e+00
-1.598262702908341737e+01
-1.262784134912862788e+00
-9.525479466448071975e+00
-1.346851449765659225e+01
-8.779717185972954141e+00
-1.262784134912862788e+00
-1.091785821302222814e+01
-5.496256790135729098e+00
-1.262784134912862788e+00
-1.262784134912862788e+00
-5.508178893867610171e+00
-5.874355360519343705e+00
-1.636989636755004796e+01
-6.250473456352853674e+00
-1.262784134912862788e+00
-1.226820992571177094e+01
-1.527633744499740232e+01
-9.256148137951864641e+00
-5.496256790135729098e+00
-1.635935914273223446e+01
-1.316929629110833666e+01
-5.752832451794284374e+00
-1.262784134912862788e+00
-5.020881182126056608e+00
-9.794707596340543887e+00
-9.810329280281640862e+00
-9.966352276662004073e+00
-1.008751552033222687e+01
-1.262784134912862788e+00
-1.356593116071092098e+01
-1.262784134912862788e+00
-1.262784134912862788e+00
-1.272705259641484332e+01
-5.498933043783631902e+00
-5.874370741937502416e+00
-5.875583717606567724e+00
-5.884833885527521069e+00
-5.874493190055073200e+00
-5.874200925667896200e+00
-5.730970940144183956e+00
-5.860252536416535207e+00
-5.874493190055073200e+00
-5.874370741937502416e+00
-5.874200925667896200e+00
-5.874355741924705221e+00
-5.884833885527521069e+00
-5.874200925667896200e+00
-5.874353733004079814e+00
-5.872906171767192873e+00
-5.730970940144183956e+00
-5.952119359425351419e+00
-5.874355741924705221e+00
-5.874355577409715146e+00
-5.952119359425351419e+00
-4.762495338902820841e+00
-5.874355540211557702e+00
-5.874357225273953986e+00
-5.860252536416535207e+00
-5.874353733004079814e+00
-5.875583717606567724e+00
-5.874200925667896200e+00
-5.874355577409715146e+00
-5.874370741937502416e+00
-5.874355577409715146e+00
-5.730970940144183956e+00
-5.730970940144183956e+00
-5.874370741937502416e+00
-5.874355741924705221e+00
-5.874200925667896200e+00
-6.129506618942064833e+00
-5.874338801169232127e+00
-4.762495338902820841e+00
-5.874357225273953986e+00
-6.129506618942064833e+00
-5.874200925667896200e+00
-5.874493190055073200e+00
-5.874353733004079814e+00
-5.952119359425351419e+00
-6.129506618942064833e+00
-5.874355540211557702e+00
-5.872906171767192873e+00
-5.874355741924705221e+00
