3.466060898020946746e-01
3.513852529524456036e-01
3.818804423125315289e-02
8.649705316754362217e-02
1.773235598466628982e-01
3.472930750053492277e-01
3.521105363605654404e-01
3.765860286383664046e-02
8.599059193329573747e-02
1.769471938369528430e-01
6.187100530640535917e-02
6.171263630365127900e-02
6.965978511981995025e-01
1.041372214434515414e-01
7.568128574829227628e-02
2.444052395953102419e-01
2.458323865265830133e-01
1.834245040270598426e-01
1.384297458574402784e-01
1.879081239936065684e-01
3.051627458024065986e-01
3.081003200126396502e-01
7.985854406106926429e-02
1.144641794445812738e-01
1.924142106793032270e-01
