4.472278129785819782e-03
1.389597337802762986e-03
7.589232753227063630e-03
4.319269746498163344e-03
9.543735444422608849e-02
4.050829317587607836e-03
8.920699999490820870e-04
2.691593352642394910e-02
2.398724864791207910e-03
1.892445098260410741e-01
2.421952646613569765e-03
3.590612670031958359e-02
5.914245023742905043e-04
1.728553396870459587e-04
2.671245652329530193e-02
8.457409041454243184e-04
4.500311091771543384e-04
3.392190978744484553e-03
6.846826361853063446e-06
9.218866291101469879e-02
1.449915753130269708e-03
1.366096935403471606e-04
1.461474400179427723e-02
4.401287077003829262e-01
3.970748853628795066e-02
4.308383318646246589e-04
1.066287061584938935e-03
2.956450530752566253e-03
5.162215382434622765e-07
1.103537810575760838e-04
