1.838175174624845018e-02
3.467434313583583200e-02
4.281933461278338016e-02
4.061161043267927373e-02
2.282449289351872607e-02
2.219634990633419583e-02
3.770575845795758052e-02
3.427299740120891280e-02
2.734276671295758632e-02
2.690750516292810327e-02
3.597065615805745270e-02
3.498750357661978283e-02
4.531688001921069242e-02
2.839189339302320911e-02
4.119110025685632920e-02
3.431208496955796827e-02
2.983810834420915631e-02
2.585607605265784550e-02
2.685765703001647547e-02
3.347304385515569025e-02
2.498223507889447970e-02
2.362138675111858169e-02
3.280407138349670376e-02
1.048135112517937020e-02
4.175676042570017343e-02
2.845076938543730782e-02
3.720799838354689471e-02
5.025113169985404721e-02
5.563516067040957802e-02
5.087722097854635583e-02
2.048824736973105243e-02
3.347802456765879009e-02
4.237463708017670527e-02
4.079947463087185699e-02
1.510014106875683451e-02
2.486767860101266395e-02
4.862809262621005379e-02
3.018412757268367289e-02
2.080585865690003783e-02
1.966644277581821795e-02
2.441478540152743765e-02
2.603030065104795787e-02
5.355050538958574385e-02
3.403654063429246979e-02
3.213532122748986170e-02
2.130949135364765615e-02
3.102727550724827463e-02
2.487659634530838340e-02
3.120475518268716816e-02
3.038679021417263135e-02
2.907167500573243704e-02
2.646882982014938171e-02
3.344106657193753052e-02
1.105604567064371636e-02
3.271939033521563400e-02
2.937629300902686383e-02
4.286685936547368625e-02
5.350571250997621098e-02
7.620063295212477217e-02
5.992840790289237496e-02
2.384111511367392744e-02
3.277968936347884499e-02
4.070841664966592249e-02
4.088303182785039264e-02
1.747079565339089077e-02
2.623097958759965098e-02
4.679321369164857192e-02
3.071104226694903322e-02
2.299971884213292475e-02
2.280822819984643091e-02
2.723253621791183604e-02
2.670442098383321236e-02
5.083227470595468034e-02
3.163291063233834161e-02
3.323874241709597749e-02
2.493458759464061217e-02
3.001284249382736927e-02
2.570961175832599602e-02
2.763586183898163531e-02
3.263942676859367398e-02
2.969452633219953411e-02
2.648742685553134163e-02
3.466644261175024638e-02
1.481461492018932430e-02
3.662894642232981252e-02
2.740557994395863284e-02
4.246663011173960889e-02
5.170798547774368287e-02
6.715237170374033226e-02
5.317602901307744157e-02
2.327810676363770495e-02
3.309471256967761593e-02
3.981044312109930511e-02
4.844829223601822277e-02
1.104322872618943713e-02
2.325279576443844975e-02
6.108017129106985826e-02
2.655818255033631781e-02
1.466494003474461474e-02
1.202953511911493759e-02
1.368513955746859280e-02
2.076904721543447810e-02
6.283925556656742850e-02
3.464964892098763155e-02
2.759244683056578593e-02
1.214149683689613041e-02
3.298141034608437216e-02
2.125828195787655625e-02
2.975838140914486771e-02
2.444563665331286537e-02
2.893830327856924609e-02
2.851982898348393372e-02
3.476738496010581270e-02
9.984636903242381789e-03
1.481478093379627430e-02
2.719927420764498352e-02
5.315650442151576005e-02
6.589306909568209969e-02
1.003830772196208920e-01
6.296198652567346066e-02
2.274784621295895815e-02
3.080609119755949379e-02
3.614978777037303193e-02
4.537574512549100159e-02
6.116838276808359010e-02
2.035416528431172739e-02
2.514459603558318046e-02
4.299759166035667379e-02
3.027574316262956686e-02
5.473211403766961580e-02
3.597698327507311417e-02
4.963830303763621526e-02
2.799138054904573569e-02
1.538961778456620841e-02
5.722638321683527762e-02
3.693113250780274276e-02
2.264531026515300208e-02
2.470518606286690316e-02
9.356278761196625687e-03
4.746593090834753947e-02
2.121999735289453390e-02
1.716937209861546867e-02
3.460003496957528984e-02
3.648247305140810137e-02
5.378217116677906640e-02
1.846016220411328401e-02
3.616084045534596891e-02
4.301481360484285532e-02
1.707268266406151980e-02
2.495888280882372495e-02
1.901091497025441876e-02
3.214844544978862767e-02
4.065052716019779827e-02
3.497993855046303835e-02
2.292478542813169984e-02
2.395775747331119893e-02
3.475048479783406086e-02
3.301883792204403367e-02
3.053569987035634550e-02
3.162592634025235966e-02
4.400727953246108548e-02
3.314097899836938171e-02
4.152922616309349946e-02
2.773461466104388054e-02
3.861563268647137670e-02
4.168429912913254598e-02
2.730544421690736176e-02
2.703412448984533062e-02
2.622528033086572036e-02
3.574279983549370765e-02
2.590260283583847856e-02
2.289123453808213776e-02
3.144560309264513021e-02
1.278135342364475693e-02
5.954549797382412135e-02
2.732409365595655018e-02
3.318873728381759730e-02
4.287241319113776344e-02
5.016584289310605654e-02
4.725962310562997759e-02
1.874953159171017028e-02
2.979894978490584337e-02
3.643731326546478105e-02
4.402899913162728468e-02
5.228434395202355769e-03
1.989186076183953322e-02
7.013794633023985592e-02
1.927142771146655303e-02
9.280784759281131280e-03
6.298576917435607693e-03
8.143042686114300432e-03
1.294376806419588778e-02
7.370320617938888597e-02
3.832751493902598894e-02
1.907383716742064306e-02
6.495272811550902720e-03
3.188005314717148875e-02
1.679210237183546145e-02
3.600220904257705329e-02
1.654274138034339536e-02
2.742430908430532749e-02
2.907313778389018430e-02
3.026896679408260654e-02
5.121961341261469132e-03
8.602049401407773840e-03
2.618013095191676701e-02
5.361635016178140090e-02
6.842531701706208724e-02
1.547500808541594775e-01
7.751012417133576471e-02
2.538756268290246268e-02
3.175645545412421333e-02
3.868949662324018546e-02
3.992730588435654260e-02
3.043498169579336027e-02
2.584464899233445551e-02
3.466715264260183949e-02
3.620157882931427512e-02
3.055311899671644266e-02
3.660553124544062287e-02
3.838279941061409350e-02
3.603340112675347540e-02
3.788827970531000178e-02
2.382740099406666784e-02
4.219491242867119685e-02
3.806882944550656761e-02
2.657429895437450618e-02
2.760065509066616032e-02
1.870108995468811042e-02
4.106758932147227398e-02
2.681474824072583793e-02
2.244039428460914420e-02
3.499401071944072128e-02
2.363425348036582094e-02
5.284232200303377869e-02
2.393290391110839896e-02
3.689788043423984643e-02
4.429904624834112709e-02
3.668920158279400517e-02
3.704814961639357751e-02
1.216736110435751549e-02
2.168000873704123768e-02
2.913003894980140118e-02
1.761228280260795226e-02
4.059364789273862267e-02
1.947841690681287319e-02
1.196806564399623997e-02
3.316159906902767934e-02
4.778372684470252180e-02
6.622222498159392734e-02
9.131252393006632218e-02
4.257430190679323961e-02
1.540610391701819834e-02
1.384558324558054707e-02
4.099736404188000088e-02
9.004731163101596658e-02
1.507805629511579752e-02
2.691677293928057199e-02
1.262782259638864368e-02
4.436055766039230519e-02
1.679218881586492379e-02
1.181348241957506408e-02
2.069192394729375481e-02
1.821869940477983604e-02
1.594089634525205079e-01
1.901198348717745776e-02
1.394500137232194611e-02
1.734299921531690103e-02
1.053561437982747026e-02
1.927537240911067137e-02
2.154112650727036532e-02
2.954021534526226136e-02
3.501333296808636919e-02
4.305817229298740390e-02
6.278586262938527784e-02
1.948597598268999448e-02
2.265241574505085995e-02
4.216617776487824321e-02
3.266124339781052016e-02
5.901226206045551148e-02
4.157785318478701697e-02
4.909351013955010057e-02
2.621763558846937348e-02
1.376065865777321116e-02
5.838505407468509711e-02
4.298552259640209261e-02
2.071277976368669088e-02
2.430967205385067484e-02
8.091848095160111137e-03
4.796631194482359195e-02
2.025043573108106787e-02
1.601358142578316462e-02
3.368439876621313889e-02
3.550030136470484765e-02
6.394248357314510911e-02
1.698375443015302799e-02
3.375490229586158158e-02
4.060124275291703000e-02
1.515877445742065156e-02
2.309249440965564087e-02
8.123336705742497527e-03
1.325395435376989541e-02
1.824129688438122163e-02
8.570678200891485715e-03
4.234424756395323286e-02
1.476915427072545382e-02
4.761430287105954985e-03
2.502540739044495713e-02
5.258131448126439345e-02
8.181534737770100596e-02
1.194217747892965392e-01
3.583632623437150999e-02
6.488053759045324560e-03
7.281665698336201031e-03
3.161015689835847131e-02
1.232163273895280492e-01
8.168976424854170609e-03
2.214450632709209776e-02
6.554428052353135879e-03
3.995090334614565669e-02
1.090155825004913634e-02
6.569363791098611037e-03
1.268528279759686440e-02
2.019716096796125501e-02
2.422909143751194871e-01
1.205917727338969535e-02
6.230763613619613728e-03
7.323458001737085006e-03
3.003732771556926265e-03
8.579301722510103076e-03
2.461520833043755532e-02
2.918938779839849729e-02
3.566025099357381795e-02
3.578830451031052989e-02
4.132197142155970282e-02
2.496178010236053957e-02
2.649512041341491042e-02
3.827350903041407126e-02
3.514232569593141869e-02
4.964955424709715376e-02
4.679510523962854968e-02
4.110485156890196501e-02
2.901568622947166970e-02
1.906388867065552870e-02
4.591806701454180517e-02
4.759277781582701983e-02
2.290484925334715025e-02
2.795055094308870544e-02
1.390494318989539749e-02
4.653065059961714739e-02
2.432420959175769087e-02
1.897667118383238732e-02
3.296961608840246610e-02
3.196365412987638849e-02
7.120396845398942187e-02
2.106609147409361019e-02
3.111186913591041173e-02
3.632489485973387083e-02
2.235966394436295079e-02
2.782057806956749271e-02
1.837113984627507940e-02
3.025782018205915719e-02
3.750673427296904311e-02
4.308051653004468795e-02
5.638792196437272808e-03
2.049239063042497533e-02
6.824089585708770223e-02
2.012536499067314397e-02
9.971180806109473937e-03
7.018671035217791121e-03
9.111539482949737589e-03
1.374662668609719605e-02
7.218141057341560807e-02
3.896830363616039100e-02
1.986292980251287352e-02
7.197930227228867620e-03
3.193237821315578207e-02
1.757082006293262180e-02
3.689601472268809468e-02
1.757509919169201323e-02
2.793074075687733415e-02
2.892241563751925953e-02
3.035004218279744800e-02
5.318586870832489599e-03
1.026984239352367323e-02
2.708997833315424791e-02
5.224669752164187025e-02
6.634218936590938198e-02
1.476283157653031641e-01
7.815463222630954221e-02
1.695848174251364873e-02
3.164568934365977887e-02
4.075886443144240145e-02
3.784230604557875521e-02
8.033785950174246460e-03
2.242824086722782981e-02
5.722488666112640621e-02
2.324588373682020051e-02
1.445870721839205217e-02
1.176200660454191152e-02
1.661982080487634308e-02
1.754814833204832933e-02
6.473323819887928654e-02
3.985257631868655698e-02
2.363691359540576534e-02
1.325192394299795802e-02
3.137803613403623848e-02
2.093267840804188470e-02
4.045537173912605589e-02
2.207071221482768963e-02
2.896972617252381935e-02
2.824024392589593105e-02
3.011820491452527754e-02
6.113544215240886148e-03
2.269709726548367265e-02
3.006923113221645835e-02
4.415107472299861086e-02
5.645127198814140629e-02
1.206659909548958853e-01
7.768534241767481585e-02
2.488284986177456345e-02
3.173958742489939311e-02
3.877633794072876672e-02
4.005803011733227031e-02
3.380228848857842056e-02
2.553601802971323942e-02
3.286658237442457303e-02
3.783778709892240966e-02
3.093382246290563714e-02
3.928614601442820958e-02
3.838564454303864532e-02
3.861435094434242932e-02
3.567529091941209346e-02
2.281424875443457262e-02
4.422730698470389576e-02
3.791989967431470820e-02
2.615301327544708801e-02
2.779427965291108790e-02
1.745340341193341721e-02
4.291044521124185579e-02
2.618022652355037061e-02
2.153026956335113082e-02
3.489114974327741509e-02
2.540025395503165556e-02
5.411832868554453807e-02
2.370059408733097422e-02
3.619891861827257556e-02
4.321457532378916028e-02
3.214344668488093582e-02
3.495490362948402291e-02
5.470594148850801107e-03
1.020585122108059323e-02
1.443027983769876697e-02
5.450565667237840597e-03
3.923555293042632619e-02
1.187576868545606353e-02
2.797863696818257435e-03
2.085542251768707916e-02
5.255242099669521494e-02
8.334930662124763467e-02
1.334446951988634278e-01
3.232199388401812284e-02
4.073592531013122374e-03
5.458579066126280528e-03
2.658582422573559090e-02
1.381534675268155099e-01
5.961960344479225182e-03
1.933354553273641807e-02
5.344656100261194892e-03
3.489580575936502421e-02
8.220751671910950589e-03
4.696412366389888550e-03
9.085897278822228224e-03
1.576488691578153620e-02
2.845006416583670261e-01
1.007494265599649316e-02
3.758315216897223192e-03
4.441593962676251839e-03
1.624419116007611063e-03
6.034392664538249483e-03
1.865522903367888147e-02
3.297656229494731056e-02
4.196651233415019805e-02
4.049782288035633226e-02
1.089475335325846075e-02
2.347317463098139503e-02
5.415680464444454223e-02
2.672840134907411222e-02
1.698294121262990120e-02
1.456351105018121109e-02
1.924777341860041055e-02
2.158784640864831045e-02
5.998203788076563597e-02
3.722475257160889894e-02
2.772638459708771236e-02
1.607694634452045551e-02
3.181562494325887447e-02
2.271883656532030366e-02
3.581443310368190996e-02
2.564533963130066416e-02
2.896263136157250714e-02
2.753114124927232009e-02
3.202187482108630190e-02
7.979305962100790434e-03
2.516458981122912317e-02
3.006021091276409735e-02
4.474275081888424294e-02
5.676262426616659335e-02
9.875224200929005880e-02
6.928694053913822537e-02
1.861746010241463120e-02
3.059867278723790371e-02
3.931755047777087120e-02
3.166100515995544373e-02
2.688924012598578259e-02
2.446376045026621426e-02
2.962503622137470025e-02
3.451853571456208608e-02
3.423047524675725678e-02
3.858072537791392559e-02
5.148458198264788122e-02
3.596392692978681721e-02
3.519282023494888639e-02
2.521483620306567974e-02
4.010782877232996202e-02
4.879965803199286245e-02
2.509285052345208364e-02
2.822936835520856169e-02
2.322957478386750152e-02
3.955053359738066460e-02
2.513267574688623704e-02
2.085067315934161294e-02
3.024640393753514830e-02
1.553128842585183370e-02
7.616977175434347380e-02
2.627030961455429844e-02
2.930885027096653481e-02
3.687238668119622448e-02
3.765916113859787279e-02
4.059003819180707906e-02
1.365092482716103069e-02
3.045182895948439147e-02
4.092012763233432437e-02
3.287511029252460776e-02
6.294532275807914953e-03
2.146862287536477343e-02
5.586731433142086423e-02
2.122306848399192064e-02
1.330533386536656218e-02
1.079506481254868464e-02
1.669730060222170132e-02
1.547664679252424777e-02
6.572818999664882533e-02
4.308627317282052310e-02
2.099845370668069339e-02
1.232471136334527609e-02
3.029389878481986847e-02
2.011342479176191425e-02
4.739611387278703375e-02
2.028779507793129419e-02
2.862532588972809683e-02
2.765544464893752302e-02
2.731428841586865802e-02
4.399814909512782951e-03
2.627507206843725587e-02
3.154647986134908461e-02
4.015376187665166408e-02
5.185418848340407616e-02
1.350586100319338123e-01
8.786227729663065311e-02
2.464908676583637756e-02
3.109748386140350276e-02
3.738889830991067725e-02
4.191048944429190404e-02
3.961348576077313582e-02
2.331132917377297734e-02
3.008170109830302086e-02
3.847430887725243609e-02
3.237963834545921904e-02
4.365559697962459462e-02
4.166899509895648918e-02
4.085560130344342844e-02
3.369746177375239349e-02
1.921402072654694593e-02
4.849282236704106214e-02
4.264941550064595827e-02
2.433235791702097542e-02
2.645416483464415117e-02
1.361272528167603753e-02
4.373233052073450394e-02
2.409782352518113555e-02
1.994591939293368851e-02
3.521897385751524695e-02
2.682156539554778757e-02
5.709188488871368844e-02
2.081467812099226100e-02
3.615548351968577573e-02
4.405320994982137722e-02
2.764141004695513937e-02
3.088713736156413481e-02
1.870442916564771588e-02
3.364506019627085814e-02
4.251371196944105091e-02
3.946444523232490315e-02
1.487627374726381221e-02
2.354431894989529941e-02
4.652873096206669445e-02
2.946299396715789526e-02
2.152631245609882074e-02
1.978141924617856512e-02
2.692254545902955654e-02
2.610182897922182568e-02
5.384692710279668365e-02
3.397773344770163573e-02
3.247721114016443450e-02
2.373445455246601943e-02
3.088197157667178436e-02
2.446316106133063564e-02
3.289049381284540885e-02
2.910992099933690583e-02
2.790573671645943735e-02
2.625905447830233566e-02
3.234758487519313885e-02
9.197669633708898188e-03
3.481791794370939219e-02
2.970344967128342797e-02
4.078086903781513728e-02
5.284749862278061150e-02
7.950704416104591166e-02
6.217923083579136173e-02
1.588685324881662989e-02
3.297953856730359568e-02
4.236870695749458265e-02
3.922594154735026956e-02
9.227777526994640142e-03
2.167918823591503952e-02
5.435397870414583610e-02
2.523766226059752024e-02
1.555005305085171638e-02
1.256416791737190002e-02
1.801804862075212510e-02
2.028446281830372303e-02
6.235666465307435069e-02
3.884360868895845448e-02
2.630142872687532551e-02
1.458046540983452995e-02
3.207414050767198876e-02
2.149653780993978844e-02
3.972173262491297124e-02
2.308415798741696515e-02
2.771759875704652223e-02
2.730501318296700217e-02
3.025119722613789017e-02
5.708708370201461338e-03
2.310749930941196489e-02
3.113436716894819878e-02
4.364081338500620799e-02
5.732817249841391793e-02
1.115489425444921856e-01
7.642257169279258189e-02
2.405767863769537468e-02
3.375367979715179073e-02
4.090008454420916706e-02
4.417378398275909751e-02
1.924882711462647458e-02
2.487581049820683163e-02
4.623012179073733574e-02
3.181301233864589073e-02
2.312395358746281021e-02
2.266576049853139332e-02
2.654704640034894966e-02
2.873044635587448936e-02
5.071004504986897921e-02
2.996138827227830953e-02
3.586059863558721528e-02
2.517059829727259085e-02
3.062239191497304405e-02
2.520459665464220428e-02
2.572177154612842812e-02
3.238405824575241176e-02
2.835216612056707525e-02
2.621416065654091909e-02
3.549357940077223911e-02
1.441635976043500328e-02
3.196724296955259087e-02
2.681333459782007933e-02
4.398987142492002261e-02
5.500403762144266684e-02
6.472142979477747693e-02
5.127216349041902738e-02
2.126444620630300875e-02
3.690078114852606006e-02
4.134452276319413450e-02
8.854241152754765976e-02
3.225996161929747114e-02
1.397496080495897602e-02
5.188637015627857452e-02
3.686083848392313761e-02
1.011160335989026542e-02
1.713523654501041341e-02
7.219017771537951031e-03
3.385767693856506916e-02
5.670718228532983796e-02
1.771228473292977418e-02
5.272307216201300301e-02
6.568841964717557318e-03
2.930559974352056618e-02
1.533882988441779421e-02
8.697473461129890185e-03
2.830686784456399804e-02
2.075735612302491082e-02
2.124004462297490389e-02
4.295940941587358952e-02
1.626524433533323849e-02
7.558001745652190122e-03
1.695320423568245916e-02
7.638306987875682907e-02
9.974871280158313647e-02
4.838902058686601892e-02
4.302795685059754294e-02
1.115792829405103104e-02
1.382160650838131638e-02
1.762428939106143108e-02
1.111494167155452871e-02
5.697869531878638205e-02
1.507318561174234885e-02
5.059649892263347673e-03
2.696767458005862317e-02
5.321121485199194895e-02
9.100205730812710447e-02
1.065687973260308341e-01
3.829988444467356812e-02
6.625711711700846968e-03
6.101773657880314901e-03
3.653970077799729987e-02
1.181092386073816225e-01
8.259297192079790087e-03
2.184851569735835747e-02
4.434568589734518007e-03
4.318750237842698680e-02
1.124782595390747680e-02
6.870294892748560721e-03
1.480516630341884195e-02
3.236253445848969595e-02
2.062921945068075524e-01
1.023077418345275449e-02
7.783251564873819306e-03
8.796185369910117929e-03
2.451027237555958565e-03
7.174511717553001995e-03
1.870663244273488429e-02
3.222295042772399531e-02
4.185605998070504596e-02
3.585226166847502172e-02
1.316533927426207992e-02
2.514999104146302400e-02
4.735192491449267960e-02
2.807971918750905987e-02
2.130066595155536910e-02
1.994531476331057318e-02
2.758898576592816801e-02
2.368303493953516012e-02
5.369987058222140675e-02
3.602915700144233846e-02
2.932983075325872740e-02
2.342713436534208174e-02
2.997882829986721689e-02
2.495590375311008621e-02
3.530241642598052482e-02
2.939647082325345245e-02
2.953100921823358441e-02
2.654062443627235035e-02
3.136690693210104214e-02
9.754124772519615419e-03
4.093417152625798694e-02
3.018099963742373881e-02
3.919737809177585575e-02
4.881374829709423518e-02
8.250388591373958302e-02
6.415465881241121104e-02
1.995299511196239536e-02
3.132317480910988550e-02
3.804307002245247565e-02
4.716132581428406079e-02
6.829704024216157535e-03
2.074008626413970796e-02
6.806861663520086259e-02
2.208809771756315918e-02
1.069091461289306544e-02
7.576731272006575861e-03
9.338368912479749415e-03
1.577736395125513280e-02
7.007012940083846841e-02
3.698863358284225356e-02
2.211989421731173217e-02
7.753554580938069526e-03
3.276887681435207422e-02
1.815462560087989508e-02
3.324484475042546738e-02
1.901461833160860565e-02
2.762273837324108472e-02
2.863335814135524113e-02
3.198802194758799955e-02
6.310299333344188306e-03
9.604496850427017562e-03
2.679453601712959709e-02
5.504605116227936218e-02
6.968941267021730446e-02
1.340926354482192273e-01
7.251282362943892168e-02
2.226786782478015758e-02
3.106826296756716108e-02
3.744667721422328954e-02
4.713329581976436616e-02
7.278625688016868676e-03
2.199890784124242452e-02
6.858558352602893426e-02
2.221626962161419097e-02
1.122886811668372120e-02
8.225747863166439633e-03
9.752086488199215517e-03
1.569964405096449175e-02
6.943274642147079234e-02
3.666328931984082218e-02
2.213010499120269398e-02
8.256752932177532228e-03
3.257060243862726356e-02
1.873291382875080444e-02
3.215007016605940515e-02
1.987221163768497501e-02
2.879068454185092565e-02
2.932239511105276877e-02
3.292052374503362522e-02
7.649258555253234809e-03
1.027249443827283823e-02
2.620350445871756292e-02
5.546485720747820758e-02
6.855300477595840936e-02
1.288668143783269493e-01
6.924593402999015823e-02
1.129168363739063360e-02
2.226145038782511437e-02
2.840963292003870211e-02
3.554527675728082203e-02
1.148658761381288630e-03
1.349010273018926877e-02
8.069641807456257032e-02
1.053874960935469868e-02
3.402378953375737470e-03
1.577012493068269839e-03
2.379021038343226424e-03
5.295979993424201546e-03
8.283855032353928949e-02
3.906329876043962424e-02
9.199386115774298503e-03
1.476749277910666342e-03
2.666835871638108951e-02
9.888271911404396958e-03
3.935112738282275924e-02
7.863144497449046227e-03
2.200573943978070129e-02
2.524906108003601921e-02
2.165264928429135732e-02
1.423724876139781294e-03
2.444236691860853135e-03
2.160650301074410612e-02
5.160782044821150133e-02
6.730285547881226238e-02
2.604156920384378959e-01
9.390646530972983352e-02
1.706891660851300729e-02
2.941411544547207005e-02
3.753452382570813400e-02
3.983232384974438878e-02
4.898383078983721550e-03
2.075089496598152630e-02
6.844280320711088050e-02
1.920960751783482370e-02
9.528788933789651347e-03
6.783663553865702106e-03
9.015165062413118408e-03
1.262883329826458047e-02
7.269032125186897231e-02
4.090164720553775973e-02
1.837224273147345516e-02
6.749463484723178947e-03
3.114259503644789887e-02
1.745989609552787633e-02
3.970461451272840059e-02
1.718519490639106723e-02
2.855247728821528122e-02
2.876668802848923734e-02
2.915644521503194322e-02
4.842183543190773515e-03
1.149758864039366994e-02
2.766442494676230046e-02
5.019391769038938217e-02
6.286658734888404820e-02
1.545126015086609184e-01
8.263309121760248344e-02
