3.068581113153139861e-01
5.105921803772133227e-01
1.134416100939718459e-02
1.052309691800092928e-01
3.629024458376862300e-03
1.213757231905529532e-02
4.633803622016111068e-03
4.557417771861806827e-02
4.108192684809318096e-01
4.741702429172371946e-01
6.435925316269837382e-02
5.092832986030006170e-03
1.086896199628232737e-02
7.464917744448282266e-03
2.324770341727792639e-03
2.489975237064428679e-02
3.697211081567202684e-01
5.084975175150174831e-01
8.363166482213613140e-02
2.548180478008938224e-02
3.838396125772259356e-03
1.033709241961652380e-03
3.660760085364430250e-03
4.135039272938345611e-03
3.406484121612545768e-01
6.199747719688171177e-01
1.423390446270974760e-02
2.181124139783911006e-03
3.135770238091353888e-03
9.169350813646812842e-03
1.896480109173924759e-03
8.760186106522559538e-03
5.192445954118293826e-05
5.609026495999478445e-01
3.048324609986967082e-01
8.037800485304542886e-02
2.187762924088547042e-02
3.642596519228918656e-03
1.096743796550440388e-02
1.734729636315001516e-02
3.724583990507510656e-01
3.807646985432878162e-01
8.983391285150295336e-02
1.119076553550735625e-01
1.911522446280465928e-02
2.022459630221842917e-03
6.941981179477197707e-03
1.695566892688102345e-02
6.292946259081748650e-01
3.505882718936488840e-01
2.920131694956828051e-03
8.381812714500908729e-03
9.931412311838868235e-04
6.305507076665838734e-03
1.345318195976825991e-03
1.711912848919108245e-04
1.434807162715842355e-01
6.262608357486926236e-01
1.512065738835313422e-01
5.376248333290689629e-02
9.581441262949316404e-03
6.117014887517174815e-03
6.970522892747401875e-03
2.620411720070801604e-03
1.221566234433440756e-01
2.243890448740413490e-01
3.762028540304782065e-01
9.686958166569438478e-02
6.691240972838821688e-02
7.169152878924082636e-03
2.438206461578903278e-02
8.191826876334062923e-02
4.156050318559259375e-03
3.399901071686824428e-01
3.974096244900918173e-01
2.371637978709604522e-01
4.072111048319800204e-03
4.047318546618593757e-04
2.574946206819048265e-03
1.422863104190526772e-02
5.375680044674990138e-02
6.351022192075587991e-02
6.005002777018481064e-01
1.090701172433696797e-01
4.362647888745793678e-02
1.197864180762529471e-02
2.209695946252443130e-02
9.546050252966875593e-02
6.339122469841132479e-02
5.992233177361288021e-01
2.586742699311571636e-01
3.836632746751451190e-02
5.924544794326258752e-03
1.199238934185784845e-02
8.715508563990084084e-03
1.371241746661406961e-02
6.377616632964949739e-01
3.400742925063036659e-01
8.904939876246898561e-03
5.586233485204907846e-03
6.121617769122213604e-04
1.352480613638922316e-03
1.870060218834813980e-03
3.838168226363551042e-03
7.028355954738133571e-01
2.197639979495016604e-01
3.869221591945392474e-02
1.470137461943068005e-02
7.483748357875449897e-03
6.549465396515350042e-03
3.629367896006253664e-03
6.344234387403360938e-03
1.043283178190775873e-01
6.661054724939410310e-01
1.633973876401068615e-01
2.090184335145857039e-02
5.992187922835776927e-03
4.212375268068216036e-03
4.742299493784797072e-03
3.032011601072702456e-02
3.645285584945114760e-02
1.841937313460807399e-02
6.225724624849038324e-01
9.584498376350666926e-02
6.453947928606278139e-02
2.056706687719147414e-02
5.354899387896774887e-02
8.805478472530832434e-02
5.262349531044941964e-01
3.846178661391446152e-01
4.094392529116510498e-02
6.318916624845331668e-03
7.755326416625944567e-03
1.239285698092471542e-02
4.468067458521139505e-03
1.726808798427909714e-02
2.963177436647533858e-01
3.900458442285501537e-01
1.642459791086422205e-01
7.648085701743258247e-02
3.034512296020573652e-02
4.044454045449889790e-03
9.196249764059364479e-03
2.932374921090682290e-02
8.720065971172603625e-01
2.865783507508092715e-02
5.802850778290077893e-02
9.891343265100266749e-03
3.050376461062684601e-03
9.338290343123122755e-03
5.260440470101679714e-03
1.376660948537009044e-02
6.500973755287318967e-02
5.514856203926984390e-01
2.048715665518973938e-01
1.681499630176474247e-01
1.161288201133246897e-03
1.896988514813447140e-03
1.360171538408675796e-03
6.064664230528205024e-03
4.898305398742097694e-01
3.796158925461312061e-01
4.697880313502487276e-02
4.485996692600882629e-02
1.736373303266399923e-02
1.071295050362068135e-03
2.433033869429596704e-03
1.784673556616981835e-02
6.050911656961763807e-01
3.069738020807201151e-01
2.859280522215423490e-02
1.231062392366780167e-02
1.769209644866471740e-02
2.811113264788379223e-03
1.021484455508561706e-02
1.631354880874271232e-02
2.871113741294474275e-01
5.974681435499277216e-01
4.681303674116563118e-02
5.315836852686655484e-02
1.562940466446865583e-03
8.456664838100387885e-05
8.160015364446066705e-03
5.641554573318759667e-03
6.370703648668985192e-04
5.026387505922145227e-01
5.516270413395205768e-02
4.400247602214580334e-01
3.330225389606474983e-05
2.005376276625227944e-04
1.798844436638111211e-04
1.122990362285957019e-03
1.486866027992730585e-02
7.209427689404818151e-02
6.035355692450867782e-01
2.508446238810992379e-01
3.797538933976511016e-02
1.174858756033180483e-03
4.646528309313618802e-04
1.904196877310899635e-02
5.528979238514728500e-01
2.976814519167811368e-01
9.450609706187819425e-02
1.201513833446852218e-02
1.994416979823789710e-02
6.977275848189044838e-03
1.035496377639418333e-02
5.622979412578149767e-03
4.763096503569848594e-01
4.984830420578355570e-01
4.263088495304537782e-03
1.584352560308367221e-03
7.230121556888644517e-03
7.558686394136760779e-03
2.524955993979764984e-04
4.318562979143235857e-03
4.613124714644875612e-01
5.193479013818463885e-01
8.012185239560262046e-03
2.357968758745527561e-03
5.222126825676008362e-04
4.067361698791655857e-03
3.822209886745326930e-03
5.576888872555730257e-04
8.842492458504819242e-01
1.101678487512967597e-01
9.782902454432500748e-04
1.228758726809821842e-04
2.117700495178602579e-04
2.814510616301529444e-03
7.350721992086870068e-04
7.203864150690890682e-04
7.304312077554658833e-01
2.408837484674961615e-01
2.022509307560324890e-02
4.629239933520599634e-04
3.452273269984255499e-03
1.241135994129444111e-03
5.345096107575149445e-04
2.769107833211414613e-03
