-9.158571
-10.007915
-14.159305
-1.262784
-5.022205
-5.022190
-15.982627
-1.262784
-9.525479
-13.468514
-8.779717
-1.262784
-11.471359
-5.496257
-1.262784
-1.262784
-5.508179
-5.874355
-12.377918
-6.250473
-1.262784
-12.268210
-15.935065
-9.256148
-5.496257
-12.349213
-13.722797
-5.752832
-1.262784
-5.020881
-9.794708
-10.364401
-9.966352
-10.641016
-1.262784
-9.733827
-1.262784
-1.262784
-12.727053
-5.498933
-5.874371
-5.875584
-5.884834
-5.874493
-5.874201
-5.730971
-5.860253
-5.874493
-5.874371
-5.874201
-5.874356
-5.884834
-5.874201
-5.874354
-5.872906
-5.730971
-6.505623
-5.874356
-5.874356
-6.505623
-4.762495
-5.874356
-5.874357
-5.860253
-5.874354
-5.875584
-5.874201
-5.874356
-5.874371
-5.874356
-5.730971
-5.730971
-5.874371
-5.874356
-5.874201
-6.129507
-5.874339
-4.762495
-5.874357
-6.129507
-5.874201
-5.874493
-5.874354
-6.505623
-6.129507
-5.874356
-5.872906
-5.874356
