-2.686425471162141143e+00
-3.222760015180401449e+00
-3.002792394287302269e+00
-1.407772003695366925e+00
-2.764327081951096332e+00
-1.901463066423450421e+00
-4.617069085664368799e+00
-8.856784062730054252e-01
-1.340137188597449569e+00
-3.195908635975021728e+00
-7.762869462466054360e-01
-2.414506177042909041e+00
-1.455313981880908880e+00
-2.315090402205534748e+00
-2.449983075933107823e+00
-3.946076618701733763e-01
-3.237271998421941355e+00
-5.258346321517142208e+00
-3.224054535781977648e+00
4.292684499150426491e-01
-9.265292941583003206e-01
-1.500936882736077171e+00
-2.705766118217170835e+00
-1.247490522240700006e+00
-5.281078614350699363e-01
-5.908163823646543911e+00
-1.256475927267709958e+00
-1.270942726414917567e+00
-1.820525128342455057e+00
-1.870628316236411237e+00
-4.272247000342414558e-01
-4.678300776785310866e+00
-1.859116916588883450e+00
-1.774832038597956796e+00
-4.336203541401963513e+00
-2.303500743258065864e+00
-1.741532404861277250e+00
-2.804565519344606628e+00
-6.958906649307886605e-01
-2.451318158313820827e+00
-2.867436446650919901e+00
-1.610415021280665604e+00
-3.537512628346171084e+00
-2.781298405536003493e+00
-2.834964063325123185e+00
-2.372769717702260195e+00
-2.928951365427629128e+00
-3.484753172999687010e+00
-5.665794790750718901e-01
-8.514418516182179486e-01
-2.212701343136915799e+00
-3.875445509681645806e+00
-2.988345655182705674e+00
4.798197822230937382e-01
-1.571814827518160040e+00
-1.667688822742343202e+00
-4.779550005890251807e-01
-2.306068367209698433e+00
-3.759571845954103875e-01
-2.038803995574493655e+00
4.825376809122489119e-01
-9.896484559464356900e-01
-1.191010066452877991e+00
-1.857844249544628790e+00
-1.815378466111833067e+00
-2.845014646848431639e-01
-4.232977654527439348e+00
-3.202441945864856976e+00
-6.727153186064354529e+00
-3.758081139220919464e+00
-7.139161523189352376e-01
-3.361257554207447651e+00
-1.584680978381321603e+00
-3.365383732211190360e+00
-1.632283596902862621e+00
-2.188939886493091791e+00
-1.247811214428578425e-02
-6.363750779120889156e-01
2.634888163972546882e-01
-1.264891924213523478e+00
-3.498660567964807733e+00
-7.884096113080362178e-01
-2.411841319279121709e+00
-1.923592027204950927e+00
-1.443390154191511288e+00
-3.361695648649395629e+00
-1.881208863191455638e+00
-4.484686425892340900e+00
-2.754521874498206735e+00
-1.774282279744391788e+00
-1.416155949775533163e+00
-4.703583639218287815e-01
-3.439924632996171017e+00
-2.137593255458934749e+00
-2.364907815308736616e+00
-4.273672485967848544e+00
-3.940644139820093095e+00
-4.776402175132849592e+00
-6.379314845738668360e-01
-1.567092943661733573e+00
-4.115277629137761295e+00
-1.889241197398251870e+01
-3.015980325853400501e+01
-3.047673202204233078e+01
-2.608993147036875371e+01
-3.744625953593852330e+01
-3.489118051748295812e+01
-1.153728368420082795e+01
-1.322823446394912850e+01
-6.019669271803321919e+01
-3.624397500151408735e+01
-2.647613818903982263e+01
-2.074126258465641826e+01
-4.773309400606410513e+00
-1.713629137359323806e+01
-8.890817353218384511e+00
-4.850821536138778356e+01
-5.829076085511367467e+01
-2.165806618010969231e+01
-2.130846669070092148e+01
-3.476796863600647658e+00
-5.014646313549111767e+01
-4.122228348810828003e+00
-2.667786577507375512e+01
-2.397802012079299416e+01
